4243767290,0
4294967278,553
4294967279,365
4294967294,969
4294967294,921
4294967294,162
4294967279,434
4294967279,391
4294967294,430
4294967279,436
4294967279,364
4294967278,535
4294967278,181
4294967278,551
4294967279,180
4294967278,176
4294967279,170
4294967294,395
4294967279,162
4294967279,363
4294967279,88
4294967278,158
4294967278,153
4294967279,152
4294967279,151
4294967279,150
4294967278,149
4294967279,149
4294967278,278
4294967278,79
4294967278,77
4294967278,72
4294967278,70
4294967278,69
4294967278,61
4294967278,60
4294967278,59
4294967278,58
4294967278,57
4294967278,56
4294967278,55
4294967278,54
4294967278,53
4294967278,52
4294967278,51
4294967278,44
4294967278,39
4294967279,446
4294967279,444
4294967279,8
4294967279,7
4294967278,550
4294967278,277
4294967279,443
4294967279,420
4294967279,433
4294967278,273
4294967278,549
4294967279,441
4294967279,16
4294967279,440
4294967278,252
4294967278,264
4294967278,263
4294967278,548
4294967279,246
4294967279,242
4294967278,240
4294967279,240
4294967279,238
4294967294,422
4294967294,922
4294967294,451
4294967278,236
4294967279,359
4294967279,230
4294967279,226
4294967294,469
4294967278,92
4294967278,298
4294967279,326
4294967294,907
4294967279,314
4294967294,953
4294967294,924
4294967278,547
4294967278,379
4294967278,177
4294967279,358
4294967294,182
4294967278,546
4294967279,347
4294967294,405
4294967279,156
4294967279,357
4294967278,545
4294967278,355
4294967279,269
4294967278,543
4294967278,316
4294967279,356
4294967279,259
4294967279,355
4294967279,332
4294967278,515
4294967294,173
4294967278,238
658,4
658,3
658,2
658,1
4294967279,232
4294967278,230
4294967278,226
4294967278,381
4294967278,541
4294967278,346
4294967278,380
4294967279,423
4294967278,256
4294967279,354
4294967278,375
4294967279,203
4294967279,415
4294967279,199
4294967279,195
4294967279,194
4294967279,173
4294967278,166
4294967279,165
4294967279,164
4294967294,170
4294967278,378
4294967278,531
4294967278,150
4294967279,353
4294967278,135
4294967278,134
4294967278,354
4294967278,282
4294967279,352
4294967278,261
4294967279,361
4294967278,242
4294967279,351
4294967278,271
4294967278,539
4294967278,383
4294967279,435
4294967279,438
4294967278,537
4294967279,350
4294967278,382
4294967279,437
4294967279,397
4294967278,536
4294967279,207
4294967278,204
4294967294,114
4294967278,203
4294967278,201
4294967294,471
4294967279,201
4294967278,297
4294967279,200
4294967279,198
4294967278,195
4294967294,120
4294967279,196
4294967294,168
4294967294,464
4294967279,422
4294967278,332
4294967278,534
4294967294,89
4294967294,901
4294967294,967
4294967294,903
4294967294,908
4294967294,186
4294967294,1419
4294967294,1418
4294967294,390
4294967279,179
4294967279,349
4294967294,46
4294967279,176
4294967294,17
4294967294,76
4294967294,41
4294967278,172
636,4
636,3
636,2
636,1
4294967278,169
0,7
4294967294,44
4294967294,468
4294967294,27
4294967294,67
4294967294,1
4294967294,441
4294967279,168
4294967294,81
4294967294,972
4294967294,68
4294967294,11
0,5
4294967278,533
4294967278,217
4294967279,390
4294967278,532
4294967279,429
4294967278,362
4294967279,146
4294967279,345
4294967279,274
4294967279,133
4294967294,458
4294967294,397
4294967278,262
4294967278,333
4294967279,344
4294967278,544
4294967278,512
4294967279,425
4294967278,366
4294967278,304
4294967279,214
4294967279,213
4294967279,212
4294967278,209
4294967278,208
4294967279,209
4294967278,207
4294967278,206
4294967278,281
4294967279,330
4294967279,202
4294967278,200
4294967278,198
4294967294,915
4294967278,194
4294967279,193
4294967279,192
4294967279,188
4294967279,299
4294967279,187
4294967278,185
4294967278,530
4294967294,398
4294967294,902
4294967294,406
4294967294,421
4294967294,402
4294967294,462
4294967278,293
4294967278,529
4294967278,163
4294967279,343
4294967279,388
4294967279,160
4294967279,158
4294967279,389
4294967278,152
4294967278,147
4294967278,146
4294967278,552
4294967279,235
4294967278,143
4294967278,142
4294967279,379
4294967278,367
4294967279,137
4294967278,324
4294967279,395
4294967278,307
4294967293,131
4294967293,130
4294967293,129
4294967293,128
4294967293,127
4294967293,126
4294967293,125
4294967293,124
4294967293,123
4294967293,122
4294967293,121
4294967293,120
4294967293,119
4294967293,118
4294967293,117
4294967293,116
4294967293,115
4294967293,114
4294967293,113
4294967293,112
4294967293,111
4294967293,110
4294967293,109
4294967293,108
4294967293,107
4294967293,106
4294967293,105
4294967293,104
4294967293,103
4294967293,102
4294967293,101
4294967293,100
4294967293,99
4294967293,98
4294967293,97
4294967293,96
4294967293,95
4294967293,94
4294967293,93
4294967293,92
4294967293,91
4294967293,90
4294967293,89
4294967293,87
4294967293,86
4294967293,85
4294967293,84
4294967293,83
4294967293,82
4294967293,81
4294967293,80
4294967293,79
4294967293,78
4294967293,77
4294967293,76
4294967293,75
4294967293,74
4294967293,73
4294967293,72
4294967293,71
4294967293,70
4294967293,69
4294967293,68
4294967293,67
4294967293,66
4294967293,65
4294967293,64
4294967293,63
4294967293,62
4294967293,61
4294967293,60
4294967293,59
4294967293,58
4294967293,57
4294967293,56
4294967293,55
4294967293,54
4294967293,53
4294967293,52
4294967293,51
4294967293,50
4294967293,49
4294967293,48
4294967293,47
4294967293,46
4294967293,45
4294967293,44
4294967293,43
4294967293,42
4294967293,41
4294967293,40
4294967293,39
4294967293,38
4294967293,37
4294967293,36
4294967293,35
4294967293,34
4294967293,33
4294967293,32
4294967293,31
4294967293,30
4294967293,29
4294967293,28
4294967293,27
4294967293,26
4294967293,25
4294967293,24
4294967293,23
4294967293,22
4294967293,21
4294967293,20
4294967293,19
4294967293,18
4294967293,17
4294967293,16
4294967293,15
4294967293,14
4294967293,13
4294967293,12
4294967293,11
4294967293,10
4294967293,9
4294967293,8
4294967293,7
4294967293,6
4294967293,5
4294967293,4
4294967293,3
4294967278,526
4294967278,372
4294967278,365
4294967278,520
4294967278,364
4294967278,371
4294967278,370
4294967278,514
4294967278,369
4294967278,368
4294967278,295
4294967278,363
4294967279,426
4294967279,323
4294967279,340
4294967279,431
4294967279,430
4294967279,309
4294967279,385
4294967279,421
4294967279,38
4294967279,37
4294967279,36
4294967279,35
4294967279,34
4294967279,33
4294967279,32
4294967279,31
4294967279,30
4294967279,29
4294967279,28
4294967279,27
4294967279,26
4294967279,25
4294967279,24
4294967279,23
4294967279,22
4294967279,329
4294967278,265
4294967278,323
4294967279,334
4294967279,263
4294967279,261
4294967279,324
4294967278,527
614,4
614,3
614,2
614,1
4294967279,276
4294967294,45
4294967294,470
4294967294,2
4294967294,28
4294967294,25
4294967279,342
4294967294,0
4294967294,965
4294967294,962
4294967294,161
4294967294,911
4294967294,90
4294967294,86
4294967294,84
4294967294,419
4294967294,923
4294967294,955
4294967294,26
